4.381989971942478086e-03 1.169704499992215152e-01 4.579738407834710867e-01 2.589227307808264489e-03 3.223684295632267896e-03 2.546292092719391886e-02 3.268692776610866713e-02 1.648120850266173998e-01 1.401567536602574705e-03 1.963233546306890065e-01
1.178213789873368104e-03 1.013986859546418991e-03 1.020128471838306194e-03 1.568777422938929904e-03 3.014145492119020830e-01 1.182964618727079661e-03 1.276254901547533563e-03 1.160763952814561611e-03 6.872231169902248693e-01 6.547821619273430822e-03
8.552053871338500812e-01 1.123644494844180941e-02 2.329330522889391190e-03 2.092958675102167976e-03 2.253516714955029320e-03 2.087760840667540925e-03 2.636171508393952631e-02 9.866958985047583064e-02 1.057839431359058587e-03 3.673467535465414335e-03
1.336603355521377538e-02 2.695972408662898698e-03 3.426645010529779517e-02 4.211953970126638795e-03 5.467189928912006246e-03 2.316773093702307121e-02 3.761321493700080509e-01 3.307828096049346134e-01 3.431703975854809210e-03 2.134288631250817192e-01
7.566467249821569145e-03 5.881883973583870023e-02 3.143251394727137465e-02 8.580854137573716914e-03 6.806052019654409979e-03 7.361467923033217578e-03 6.787817933799282777e-01 1.648314273003709252e-02 3.166043597460465979e-03 1.910165303938752002e-01
2.672694876456098434e-03 2.840387259649463161e-03 3.992663558542755911e-03 2.876771297359301434e-03 3.444362253145058159e-03 8.756148150030844679e-01 4.354885963399915579e-03 7.258072819582848945e-02 1.702130174848748376e-03 3.675615528101415508e-02
1.480368897671543353e-03 9.781796822862834917e-01 1.400887123055101881e-03 1.219093466656421924e-03 2.490460986020818276e-03 1.697524479816394684e-03 1.177722481971100804e-03 1.196649942760500025e-02 1.427405211076794578e-03 2.868692903365340375e-03
4.601102977020835039e-03 4.754432241778085676e-03 3.709846981793043716e-03 3.320181909993271015e-03 3.160104500487721096e-03 4.721017320954879956e-03 9.612678357681638808e-01 7.784485058950037402e-03 1.722895116452818421e-03 1.297471381375634412e-02
2.765743155458911130e-03 1.326861331596016977e-02 2.277765556047573262e-02 9.260488548891476768e-01 4.763115823331367550e-03 2.870012987392841445e-03 1.996856747032288871e-03 3.511258988034463881e-03 2.411460468506019389e-03 2.584509710301328284e-02
4.044326593007560589e-03 1.207242677620509914e-02 7.738476512838697863e-01 3.120298315329667841e-03 3.043114821713547007e-03 5.197395865857311684e-03 6.816012410791273159e-03 9.734268668225945498e-02 1.905357954867558604e-03 1.001256710875372963e-01
