2.053936926818508979e-01 1.712412100874432797e-01 1.016353974372510433e-01 8.581964396611269086e-03 3.480904174958651121e-01 4.675389673476956776e-03 7.241255062390825406e-03 9.656228772718748743e-02 3.385382317586184409e-02 3.305714241023873651e-02
1.935699674546187757e-02 1.493894148443905383e-02 2.722075492588205831e-02 6.399859584442091874e-03 1.552379806395670810e-02 5.181302876210681745e-03 6.881587587642233259e-03 8.864875422134869121e-01 1.347444112364033948e-02 1.709920229705549563e-02
1.729763056620559902e-01 6.343766008441920068e-02 1.966306967286606533e-01 1.684142413343921174e-02 1.834632905173096129e-01 7.961882765878534191e-03 1.343158228105039743e-02 1.886856379328115951e-01 3.685509616787667475e-02 1.337671579305736991e-01
1.879191563844861967e-03 2.012588465540417464e-03 2.454788778196730428e-03 1.453625709717202164e-03 1.732147887351601339e-03 4.596799483705314437e-01 3.380947315550301702e-01 1.938961101556066187e-03 1.945671951655429943e-01 2.119781646019947875e-03
2.196438682111179763e-01 1.003096459119220824e-01 1.478828048451913402e-01 1.028666122951612388e-02 3.529596201794346633e-01 4.690058453535182921e-03 7.525726234614922051e-03 6.718102951157411962e-02 3.437067510521528424e-02 6.532617822914416061e-02
1.428714266156473102e-02 5.192040849771015765e-01 9.123681160379255861e-02 1.419447775669194049e-02 9.261491605426996898e-03 1.216000605681398505e-02 7.620648475134350619e-02 5.407266356092981473e-03 4.556943066520469099e-02 2.260560036255466476e-01
4.312307272978803396e-02 3.904625497543498525e-02 9.477969620347456714e-02 4.128336666577752528e-02 2.936559097220791531e-02 1.149427670642679152e-02 3.880527210623760381e-02 1.300050159890695466e-02 1.250105686679204783e-02 6.911372684201788630e-01
2.052756331370047919e-03 3.596329822999438236e-03 2.592035106145934402e-03 9.761515136771068413e-01 2.022440874532180095e-03 1.893527586851154578e-03 2.544118318616455428e-03 1.909743825016189684e-03 1.103901683624952841e-02 2.447171907697911781e-03
1.058006330085159256e-02 1.106373723174552091e-02 1.654815553977662460e-02 1.025133753538396038e-02 9.142499045743202740e-03 6.598627412016635357e-03 9.537462497048274090e-03 9.071605176121405600e-01 8.528008484208083467e-03 2.706421439984719318e-02
4.576608922627159459e-01 9.008530655435323387e-02 1.389742041091633906e-01 6.646788695620549706e-03 2.045962062520278735e-01 5.548071683113563017e-03 8.153218284888278169e-03 1.071632810090378772e-02 2.895218299720029795e-02 5.998130041141284258e-02
