9.969217549647352294e-02 1.002108616435048172e-01 3.542604960031922601e-02 1.011785546313342943e-01 3.310945189589198367e-02 9.549130068510540414e-02 1.325188676316044756e-01 2.556254843178378325e-02 1.032070894849665410e-01 1.328283837769141940e-01 1.048345393268719089e-01 4.130728552621145550e-02
5.430851445480323197e-02 1.304890067866157077e-01 1.040258989115100674e-01 3.509657434112523067e-02 8.908071363406419585e-03 8.083918701438055909e-02 9.136086235855649107e-02 6.860782629698318480e-02 1.342545510167156286e-01 4.395469717644010649e-02 1.423250665583800367e-01 1.111898071748886607e-01
1.218311967066429968e-01 2.734825391243726408e-02 1.163272074363441017e-01 1.760939322652562700e-01 7.564760102236123274e-02 7.980879043572799980e-02 5.383528539513692673e-03 1.147404079903943386e-01 1.837996208615551991e-02 8.886652800619093684e-02 2.967559913661085846e-02 1.509919873569662563e-01
1.299319494540021602e-01 4.090959020630594717e-02 1.582963176776087666e-01 5.459263049276167484e-02 7.239182553658378427e-02 8.043803940009021380e-02 1.787490292680636583e-02 1.035982561772405414e-01 1.307590168520319507e-01 1.221826645242023446e-01 2.347174241540592177e-02 7.032670954151894194e-02
6.126474723313855841e-02 1.039496441992399656e-01 1.278755385795815047e-01 1.538610521025973454e-01 9.126220744156436637e-02 9.866357861298914733e-02 1.136300395107074923e-01 1.000043240399790534e-01 4.665018432784192454e-02 7.725944157565674264e-02 8.109581361726972415e-03 2.314977145221504620e-02
9.122871141517399640e-03 5.036500201440838320e-02 3.724001779935029975e-03 8.557733710939989524e-02 1.936995715817987074e-01 4.912911323771454453e-02 1.232467797465325032e-01 1.617685926269243069e-01 1.888461391654464028e-02 1.128335628389513096e-01 1.573717386662377427e-01 3.942762039004859415e-02
1.833918394473736946e-01 3.833501845694214927e-02 8.396452350106561879e-02 7.386193176454376730e-02 7.547608310405667931e-02 7.654251135606195133e-02 1.527680015959802240e-01 1.290980910965873196e-01 1.149163169461264594e-01 2.930728621479470816e-02 5.295392914458606388e-03 4.261819162443051395e-02
4.210374019541733570e-02 1.453886530123376375e-01 6.024326622194484809e-02 4.048135301983850354e-02 7.295275094309969927e-03 1.618629412931213429e-01 3.224127782783268309e-02 2.152717509174548183e-02 1.640377561846103338e-01 7.054181760654094913e-02 1.006974615833272357e-01 1.586559435888556246e-01
9.328590729522164005e-02 1.382667522153062933e-01 2.937785425811170401e-02 9.076534510408955370e-02 3.713458055185216850e-02 7.437038459465166416e-03 1.258962826609967833e-01 9.912168906061386009e-02 9.718319499746798373e-02 5.846877265337085960e-02 1.798305065625890320e-01 4.887061809459496142e-02
5.803728121313950217e-02 1.005835341139907496e-01 5.251208996672937501e-02 1.190557525364407676e-01 1.022333549185457380e-01 7.644192115704401269e-02 7.498531649350827222e-02 9.904134516038383407e-02 2.409635552198175976e-02 7.236883625262569009e-02 1.358498679385086172e-01 9.044211213569099128e-02
4.454222470037277198e-02 1.562482554447841288e-01 1.657359208238215198e-01 4.970754160082563322e-02 8.885126244763512371e-02 1.548352695222272035e-01 2.053517723665558223e-02 1.427065743742409187e-01 7.036727167533127214e-02 4.816787654175296030e-02 3.609198802608120510e-02 2.787996911449769008e-02
1.288976379883302048e-01 7.128641856742471035e-03 1.283328720324320160e-01 1.678545690752384911e-01 1.496218123860661997e-01 9.042091326399925855e-02 7.212634952765846486e-02 5.646230994251627555e-03 9.855904581390998245e-03 8.033401194596641315e-02 1.014026473127637232e-02 1.551074660020954343e-01
