6.762575371285242665e-02 6.683463914587289834e-02 7.469935600908133612e-03 8.753805842023164308e-02 4.158410473689250209e-02 1.233922264826136234e-01 1.265502286062706871e-01 5.291644815078281466e-02 7.349736543765457430e-02 7.097421587726378267e-02 4.175741254545008163e-02 9.458315711857429031e-02 3.381048076838208405e-02 1.194487262945167078e-01
1.435173396246001709e-01 1.019929554629160767e-01 2.913286590578154089e-02 3.052536992480154102e-02 6.630116844591410485e-02 1.221921838525986126e-01 2.467709465727060437e-03 5.153380057077949078e-02 2.531013584978726930e-02 7.622511725938549421e-02 3.938373930678115004e-02 1.134415905051859019e-01 7.094089177959006509e-02 1.335539034201520814e-01
7.960652628537866204e-02 7.343082598606108513e-02 8.219105309466163967e-02 6.210048869014374306e-02 1.005085832830849013e-01 6.395785078210858288e-02 7.111848110454918603e-02 3.138651287196777412e-02 7.262836414163152676e-02 4.378236864587097682e-02 1.116783820113783632e-01 4.557068370413489000e-03 1.254667259386099132e-01 8.542407841920666989e-02
6.447566582683689207e-02 3.362169069549123673e-02 1.266835616626921235e-01 8.727237091415185333e-02 4.715990927870204047e-02 1.364805731216516549e-01 9.449219848433387803e-03 8.119203298214407172e-02 2.136379203778952796e-02 4.039237561411050670e-02 5.453316163237531544e-02 1.200285617067588378e-01 9.386195099312887036e-02 9.201841019906391306e-02
9.465622176279242517e-02 9.456074048188524428e-02 5.880458646137982220e-02 5.835479778306511267e-02 3.167441849309535207e-02 9.405386784710961096e-03 9.180531503196372178e-03 7.856433388988283417e-02 5.743798131385468436e-02 8.640846953459807578e-02 6.982177494571510656e-02 1.148728910966304861e-01 1.282444690632880135e-01 1.168914017334670985e-01
4.090766823147515968e-02 7.999702381785753214e-02 7.841089454723568219e-02 4.294913730496037474e-02 4.023005140660305956e-02 8.432739334881698967e-02 1.106621961576468721e-01 7.054947012112992855e-02 2.640709791833934297e-02 9.147456201728486336e-02 1.014785492588651111e-01 1.867053252963482915e-02 1.319972426468335736e-01 8.869627838048263491e-02
3.258098898568870250e-02 6.317214714231352002e-02 7.931821933629353005e-02 1.017567631565350662e-02 1.226185804308786431e-01 9.510637386289352846e-02 5.692794814224810818e-02 8.648673430918658867e-02 1.223836926385343249e-01 9.896379547492967221e-02 1.088444015241301494e-01 3.712893452361698543e-02 2.998299915925666317e-02 6.409351521952828812e-02
3.171823163447340388e-02 1.722071165105419632e-01 4.280308539184665695e-02 4.104358758779844824e-02 4.076165230656951521e-02 6.788313377084458089e-02 3.575221329924199026e-02 1.522397037433079192e-01 1.526502451887387091e-01 2.269112684331068067e-02 7.430818612273361323e-02 1.233079664724573837e-01 1.095160801917668784e-02 3.857442430081266943e-02
1.288206612699565323e-01 9.795919775531357343e-02 1.126175811534334097e-02 1.383952195094849957e-01 1.359921507361239179e-02 1.294478082919323925e-01 8.905783680711434891e-02 1.182024645852398359e-01 1.573132788947138178e-02 7.859658946430533866e-02 4.018143717776235385e-02 8.220206268585308895e-02 3.082757801615038790e-02 3.352219741575891004e-02
7.167589050084570423e-02 4.545806285798527357e-02 3.176380013559648718e-02 9.198739568330406569e-02 3.301649249097995259e-02 7.190455308323207007e-02 8.598221935455756249e-02 1.582641482314991188e-01 3.264179487153348602e-02 1.608277723023577022e-01 4.027140903085246748e-02 7.478439998636438046e-02 4.452593466157236946e-02 6.402893675906892734e-02
8.747253277717134679e-02 5.858159717409421041e-02 9.565568165222339270e-02 9.332390849003625866e-02 7.328130774477846499e-02 7.533615785352629213e-02 7.984550271743293126e-02 8.042646887719634430e-02 4.723582545044211628e-02 1.662701398494850769e-02 1.011455787737594036e-01 8.751951451270191529e-02 3.228161691748660661e-02 7.869937434899375306e-02
1.288246839776742252e-02 9.189345290657463527e-02 1.355929095315779043e-01 3.412953317818567117e-02 5.544770273151213534e-03 1.676702409241380767e-02 1.186614830067392462e-01 5.258704661003135369e-03 1.115637531191772391e-01 1.002736719733124254e-01 5.290348063232059445e-02 1.131551352426222457e-01 1.030184456473524635e-01 1.052024620302538099e-01
6.198825547956753057e-02 6.219599940457099657e-02 6.225691139897720355e-02 3.744728984213204631e-02 9.664424410089551831e-02 8.214157462714424818e-02 1.076081369733667692e-01 4.322712478365262068e-02 8.827551046010605196e-02 5.257244172923133257e-02 1.069527895553917252e-01 4.235864832363966243e-02 1.123935408011972059e-01 5.189200629775098106e-02
3.204490475433203339e-02 8.021715501518082714e-02 9.139100171757956470e-02 5.392403688050993044e-02 1.178521536643200862e-01 3.844967017441264234e-02 2.805297137772984339e-02 7.240085439900943720e-02 1.019782406575117512e-01 1.089012559646805323e-01 6.854513988934840540e-02 8.803191264492019052e-02 2.352670538931645253e-03 1.220110718245216858e-01
