1.629226679152603885e-01 1.305019041652586420e-01 3.528498211146901403e-02 7.609051624244894674e-02 9.202336930847332397e-02 7.101491797272560524e-02 9.021888501863092880e-02 1.040489628269169881e-01 1.125631210151116779e-01 1.332681974362339983e-01
1.491619692340202634e-02 4.680928255674108446e-02 1.577627940103467907e-01 7.044320710953250186e-02 2.340078778465279064e-01 1.363768089031360542e-01 1.220929108535751852e-02 1.399977281944689289e-01 2.926002909559954207e-02 1.660792395105855357e-01
1.509776805429169089e-01 2.435777462166914889e-02 2.078934410635124574e-01 4.999141837207936312e-02 1.202366459571133639e-01 1.106678227009203347e-01 6.112421526306136693e-02 1.346818273027510504e-01 9.736428341291950006e-02 5.039173430661581660e-02
5.786376506712591350e-02 8.147745270993148048e-02 3.811319673461199212e-03 1.472341924752545161e-01 1.514938716235309304e-02 1.853090808345136953e-01 1.302329911128495832e-01 1.669915272428377784e-01 1.946672026319010429e-01 2.444369695868920528e-02
8.549472088403145542e-02 1.102423833090927785e-01 1.288146344919423869e-01 1.435940393102254908e-01 1.247117959938016662e-01 9.313870064202699195e-02 1.393667159314913584e-01 6.854064851430168026e-02 1.004468504219197533e-01 1.203840158507701527e-02
4.563972024168420905e-02 1.710245110149723469e-01 1.694633869936760240e-01 1.965702882711323207e-01 1.053753572136628819e-01 1.537855168145270228e-02 6.348519675194985723e-02 9.377290169498743097e-03 1.518268642128633716e-01 7.944993439595199325e-02
5.746229394514140026e-02 2.132191974448140875e-02 8.525712311235938978e-02 5.416115924162221568e-02 1.805357701786704516e-01 1.337399465308506674e-01 9.277102614070500963e-02 1.779536528612231105e-01 9.945083806936215465e-02 1.045332579938077766e-01
3.172212720996320928e-02 2.301473889971676068e-01 2.975983298772057195e-02 3.509093678330755389e-02 1.105815256761612381e-01 8.662695540226021673e-02 9.463917108574490533e-02 1.171492552507773371e-01 1.084206247394141759e-01 1.629778814435736134e-01
9.415885858957484533e-02 5.732776551566653306e-02 5.020270703544841423e-02 1.473802223369703457e-01 5.993694668646597223e-02 4.783996556998473121e-02 1.789513358673364973e-01 1.128968148964667184e-01 7.903945635422682248e-02 1.789766857745460626e-01
2.113262280341362820e-01 3.220172907911847404e-02 7.732552363485284408e-02 8.537861329015281053e-02 1.388817697291718223e-01 9.670300608818591104e-02 1.397542139415556828e-01 8.496796437102943286e-03 1.441384607518678140e-01 7.325163041716954704e-02
